0.9910780117649216 -0 -0 -0 -0 -0 -0 -0 -0 0 -0 -0 -0 -0 -0 -0 -0 0 -0 -0 -0 -0 -0 -0 -0 0 -0 -0 -0 -0 -0 -0 -0 0 -0 -0 -0 -0 -0 -0 -0 0 -0 -0 -0 -0 -0 -0 -0 0 -0 -0 -0 -0 -0 -0 -0 0 -0 -0 -0 -0 -0 -0
-0 0.9792195212197794 -0 -0 -0 -0 -0 -0 -0 -0 0 -0 -0 -0 -0 -0 -0 -0 0 -0 -0 -0 -0 -0 -0 -0 0 -0 -0 -0 -0 -0 -0 -0 0 -0 -0 -0 -0 -0 -0 -0 0 -0 -0 -0 -0 -0 -0 -0 0 -0 -0 -0 -0 -0 -0 -0 0 -0 -0 -0 -0 -0
-0 -0 1.139571812387889 -0 -0 -0 -0 -0 -0 -0 -0 0 -0 -0 -0 -0 -0 -0 -0 0 -0 -0 -0 -0 -0 -0 -0 0 -0 -0 -0 -0 -0 -0 -0 0 -0 -0 -0 -0 -0 -0 -0 0 -0 -0 -0 -0 -0 -0 -0 0 -0 -0 -0 -0 -0 -0 -0 0 -0 -0 -0 -0
-0 -0 -0 1.008390408488266 -0 -0 -0 -0 -0 -0 -0 -0 0 -0 -0 -0 -0 -0 -0 -0 0 -0 -0 -0 -0 -0 -0 -0 0 -0 -0 -0 -0 -0 -0 -0 0 -0 -0 -0 -0 -0 -0 -0 0 -0 -0 -0 -0 -0 -0 -0 0 -0 -0 -0 -0 -0 -0 -0 0 -0 -0 -0
-0 -0 -0 -0 1.006012479805539 -0 -0 -0 -0 -0 -0 -0 -0 0 -0 -0 -0 -0 -0 -0 -0 0 -0 -0 -0 -0 -0 -0 -0 0 -0 -0 -0 -0 -0 -0 -0 0 -0 -0 -0 -0 -0 -0 -0 0 -0 -0 -0 -0 -0 -0 -0 0 -0 -0 -0 -0 -0 -0 -0 0 -0 -0
-0 -0 -0 -0 -0 0.9555499263422257 -0 -0 -0 -0 -0 -0 -0 -0 0 -0 -0 -0 -0 -0 -0 -0 0 -0 -0 -0 -0 -0 -0 -0 0 -0 -0 -0 -0 -0 -0 -0 0 -0 -0 -0 -0 -0 -0 -0 0 -0 -0 -0 -0 -0 -0 -0 0 -0 -0 -0 -0 -0 -0 -0 0 -0
-0 -0 -0 -0 -0 -0 1.027262523959964 -0 -0 -0 -0 -0 -0 -0 -0 0 -0 -0 -0 -0 -0 -0 -0 0 -0 -0 -0 -0 -0 -0 -0 0 -0 -0 -0 -0 -0 -0 -0 0 -0 -0 -0 -0 -0 -0 -0 0 -0 -0 -0 -0 -0 -0 -0 0 -0 -0 -0 -0 -0 -0 -0 0
-0 -0 -0 -0 -0 -0 -0 1.018557379189339 -0 -0 -0 -0 -0 -0 -0 -0 0 -0 -0 -0 -0 -0 -0 -0 0 -0 -0 -0 -0 -0 -0 -0 0 -0 -0 -0 -0 -0 -0 -0 0 -0 -0 -0 -0 -0 -0 -0 0 -0 -0 -0 -0 -0 -0 -0 0 -0 -0 -0 -0 -0 -0 -0
-0 -0 -0 -0 -0 -0 -0 -0 0.9884979095126887 -0 -0 -0 -0 -0 -0 -0 -0 0 -0 -0 -0 -0 -0 -0 -0 0 -0 -0 -0 -0 -0 -0 -0 0 -0 -0 -0 -0 -0 -0 -0 0 -0 -0 -0 -0 -0 -0 -0 0 -0 -0 -0 -0 -0 -0 -0 0 -0 -0 -0 -0 -0 -0
0 -0 -0 -0 -0 -0 -0 -0 -0 1.085541639903564 -0 -0 -0 -0 -0 -0 -0 -0 0 -0 -0 -0 -0 -0 -0 -0 0 -0 -0 -0 -0 -0 -0 -0 0 -0 -0 -0 -0 -0 -0 -0 0 -0 -0 -0 -0 -0 -0 -0 0 -0 -0 -0 -0 -0 -0 -0 0 -0 -0 -0 -0 -0
-0 0 -0 -0 -0 -0 -0 -0 -0 -0 0.9439188914997605 -0 -0 -0 -0 -0 -0 -0 -0 0 -0 -0 -0 -0 -0 -0 -0 0 -0 -0 -0 -0 -0 -0 -0 0 -0 -0 -0 -0 -0 -0 -0 0 -0 -0 -0 -0 -0 -0 -0 0 -0 -0 -0 -0 -0 -0 -0 0 -0 -0 -0 -0
-0 -0 0 -0 -0 -0 -0 -0 -0 -0 -0 1.016044584512655 -0 -0 -0 -0 -0 -0 -0 -0 0 -0 -0 -0 -0 -0 -0 -0 0 -0 -0 -0 -0 -0 -0 -0 0 -0 -0 -0 -0 -0 -0 -0 0 -0 -0 -0 -0 -0 -0 -0 0 -0 -0 -0 -0 -0 -0 -0 0 -0 -0 -0
-0 -0 -0 0 -0 -0 -0 -0 -0 -0 -0 -0 0.9895390424422902 -0 -0 -0 -0 -0 -0 -0 -0 0 -0 -0 -0 -0 -0 -0 -0 0 -0 -0 -0 -0 -0 -0 -0 0 -0 -0 -0 -0 -0 -0 -0 0 -0 -0 -0 -0 -0 -0 -0 0 -0 -0 -0 -0 -0 -0 -0 0 -0 -0
-0 -0 -0 -0 0 -0 -0 -0 -0 -0 -0 -0 -0 1.023650204530287 -0 -0 -0 -0 -0 -0 -0 -0 0 -0 -0 -0 -0 -0 -0 -0 0 -0 -0 -0 -0 -0 -0 -0 0 -0 -0 -0 -0 -0 -0 -0 0 -0 -0 -0 -0 -0 -0 -0 0 -0 -0 -0 -0 -0 -0 -0 0 -0
-0 -0 -0 -0 -0 0 -0 -0 -0 -0 -0 -0 -0 -0 1.071177065548881 -0 -0 -0 -0 -0 -0 -0 -0 0 -0 -0 -0 -0 -0 -0 -0 0 -0 -0 -0 -0 -0 -0 -0 0 -0 -0 -0 -0 -0 -0 -0 0 -0 -0 -0 -0 -0 -0 -0 0 -0 -0 -0 -0 -0 -0 -0 0
-0 -0 -0 -0 -0 -0 0 -0 -0 -0 -0 -0 -0 -0 -0 1.113508573435263 -0 -0 -0 -0 -0 -0 -0 -0 0 -0 -0 -0 -0 -0 -0 -0 0 -0 -0 -0 -0 -0 -0 -0 0 -0 -0 -0 -0 -0 -0 -0 0 -0 -0 -0 -0 -0 -0 -0 0 -0 -0 -0 -0 -0 -0 -0
-0 -0 -0 -0 -0 -0 -0 0 -0 -0 -0 -0 -0 -0 -0 -0 1.054632347233746 -0 -0 -0 -0 -0 -0 -0 -0 0 -0 -0 -0 -0 -0 -0 -0 0 -0 -0 -0 -0 -0 -0 -0 0 -0 -0 -0 -0 -0 -0 -0 0 -0 -0 -0 -0 -0 -0 -0 0 -0 -0 -0 -0 -0 -0
0 -0 -0 -0 -0 -0 -0 -0 0 -0 -0 -0 -0 -0 -0 -0 -0 0.9580022176695289 -0 -0 -0 -0 -0 -0 -0 -0 0 -0 -0 -0 -0 -0 -0 -0 0 -0 -0 -0 -0 -0 -0 -0 0 -0 -0 -0 -0 -0 -0 -0 0 -0 -0 -0 -0 -0 -0 -0 0 -0 -0 -0 -0 -0
-0 0 -0 -0 -0 -0 -0 -0 -0 0 -0 -0 -0 -0 -0 -0 -0 -0 0.929511960163395 -0 -0 -0 -0 -0 -0 -0 -0 0 -0 -0 -0 -0 -0 -0 -0 0 -0 -0 -0 -0 -0 -0 -0 0 -0 -0 -0 -0 -0 -0 -0 0 -0 -0 -0 -0 -0 -0 -0 0 -0 -0 -0 -0
-0 -0 0 -0 -0 -0 -0 -0 -0 -0 0 -0 -0 -0 -0 -0 -0 -0 -0 1.07319524217836 -0 -0 -0 -0 -0 -0 -0 -0 0 -0 -0 -0 -0 -0 -0 -0 0 -0 -0 -0 -0 -0 -0 -0 0 -0 -0 -0 -0 -0 -0 -0 0 -0 -0 -0 -0 -0 -0 -0 0 -0 -0 -0
-0 -0 -0 0 -0 -0 -0 -0 -0 -0 -0 0 -0 -0 -0 -0 -0 -0 -0 -0 1.061729941025922 -0 -0 -0 -0 -0 -0 -0 -0 0 -0 -0 -0 -0 -0 -0 -0 0 -0 -0 -0 -0 -0 -0 -0 0 -0 -0 -0 -0 -0 -0 -0 0 -0 -0 -0 -0 -0 -0 -0 0 -0 -0
-0 -0 -0 -0 0 -0 -0 -0 -0 -0 -0 -0 0 -0 -0 -0 -0 -0 -0 -0 -0 1.010432617969676 -0 -0 -0 -0 -0 -0 -0 -0 0 -0 -0 -0 -0 -0 -0 -0 0 -0 -0 -0 -0 -0 -0 -0 0 -0 -0 -0 -0 -0 -0 -0 0 -0 -0 -0 -0 -0 -0 -0 0 -0
-0 -0 -0 -0 -0 0 -0 -0 -0 -0 -0 -0 -0 0 -0 -0 -0 -0 -0 -0 -0 -0 0.9881289818200397 -0 -0 -0 -0 -0 -0 -0 -0 0 -0 -0 -0 -0 -0 -0 -0 0 -0 -0 -0 -0 -0 -0 -0 0 -0 -0 -0 -0 -0 -0 -0 0 -0 -0 -0 -0 -0 -0 -0 0
-0 -0 -0 -0 -0 -0 0 -0 -0 -0 -0 -0 -0 -0 0 -0 -0 -0 -0 -0 -0 -0 -0 1.056269367704815 -0 -0 -0 -0 -0 -0 -0 -0 0 -0 -0 -0 -0 -0 -0 -0 0 -0 -0 -0 -0 -0 -0 -0 0 -0 -0 -0 -0 -0 -0 -0 0 -0 -0 -0 -0 -0 -0 -0
-0 -0 -0 -0 -0 -0 -0 0 -0 -0 -0 -0 -0 -0 -0 0 -0 -0 -0 -0 -0 -0 -0 -0 0.900022319930577 -0 -0 -0 -0 -0 -0 -0 -0 0 -0 -0 -0 -0 -0 -0 -0 0 -0 -0 -0 -0 -0 -0 -0 0 -0 -0 -0 -0 -0 -0 -0 0 -0 -0 -0 -0 -0 -0
0 -0 -0 -0 -0 -0 -0 -0 0 -0 -0 -0 -0 -0 -0 -0 0 -0 -0 -0 -0 -0 -0 -0 -0 0.9306115084598039 -0 -0 -0 -0 -0 -0 -0 -0 0 -0 -0 -0 -0 -0 -0 -0 0 -0 -0 -0 -0 -0 -0 -0 0 -0 -0 -0 -0 -0 -0 -0 0 -0 -0 -0 -0 -0
-0 0 -0 -0 -0 -0 -0 -0 -0 0 -0 -0 -0 -0 -0 -0 -0 0 -0 -0 -0 -0 -0 -0 -0 -0 0.9772699436413962 -0 -0 -0 -0 -0 -0 -0 -0 0 -0 -0 -0 -0 -0 -0 -0 0 -0 -0 -0 -0 -0 -0 -0 0 -0 -0 -0 -0 -0 -0 -0 0 -0 -0 -0 -0
-0 -0 0 -0 -0 -0 -0 -0 -0 -0 0 -0 -0 -0 -0 -0 -0 -0 0 -0 -0 -0 -0 -0 -0 -0 -0 0.9462666317549542 -0 -0 -0 -0 -0 -0 -0 -0 0 -0 -0 -0 -0 -0 -0 -0 0 -0 -0 -0 -0 -0 -0 -0 0 -0 -0 -0 -0 -0 -0 -0 0 -0 -0 -0
-0 -0 -0 0 -0 -0 -0 -0 -0 -0 -0 0 -0 -0 -0 -0 -0 -0 -0 0 -0 -0 -0 -0 -0 -0 -0 -0 1.014364656393652 -0 -0 -0 -0 -0 -0 -0 -0 0 -0 -0 -0 -0 -0 -0 -0 0 -0 -0 -0 -0 -0 -0 -0 0 -0 -0 -0 -0 -0 -0 -0 0 -0 -0
-0 -0 -0 -0 0 -0 -0 -0 -0 -0 -0 -0 0 -0 -0 -0 -0 -0 -0 -0 0 -0 -0 -0 -0 -0 -0 -0 -0 0.9272613378918269 -0 -0 -0 -0 -0 -0 -0 -0 0 -0 -0 -0 -0 -0 -0 -0 0 -0 -0 -0 -0 -0 -0 -0 0 -0 -0 -0 -0 -0 -0 -0 0 -0
-0 -0 -0 -0 -0 0 -0 -0 -0 -0 -0 -0 -0 0 -0 -0 -0 -0 -0 -0 -0 0 -0 -0 -0 -0 -0 -0 -0 -0 0.9892336590045566 -0 -0 -0 -0 -0 -0 -0 -0 0 -0 -0 -0 -0 -0 -0 -0 0 -0 -0 -0 -0 -0 -0 -0 0 -0 -0 -0 -0 -0 -0 -0 0
-0 -0 -0 -0 -0 -0 0 -0 -0 -0 -0 -0 -0 -0 0 -0 -0 -0 -0 -0 -0 -0 0 -0 -0 -0 -0 -0 -0 -0 -0 0.9905272299056503 -0 -0 -0 -0 -0 -0 -0 -0 0 -0 -0 -0 -0 -0 -0 -0 0 -0 -0 -0 -0 -0 -0 -0 0 -0 -0 -0 -0 -0 -0 -0
-0 -0 -0 -0 -0 -0 -0 0 -0 -0 -0 -0 -0 -0 -0 0 -0 -0 -0 -0 -0 -0 -0 0 -0 -0 -0 -0 -0 -0 -0 -0 1.018648690519034 -0 -0 -0 -0 -0 -0 -0 -0 0 -0 -0 -0 -0 -0 -0 -0 0 -0 -0 -0 -0 -0 -0 -0 0 -0 -0 -0 -0 -0 -0
0 -0 -0 -0 -0 -0 -0 -0 0 -0 -0 -0 -0 -0 -0 -0 0 -0 -0 -0 -0 -0 -0 -0 0 -0 -0 -0 -0 -0 -0 -0 -0 1.077804396548174 -0 -0 -0 -0 -0 -0 -0 -0 0 -0 -0 -0 -0 -0 -0 -0 0 -0 -0 -0 -0 -0 -0 -0 0 -0 -0 -0 -0 -0
-0 0 -0 -0 -0 -0 -0 -0 -0 0 -0 -0 -0 -0 -0 -0 -0 0 -0 -0 -0 -0 -0 -0 -0 0 -0 -0 -0 -0 -0 -0 -0 -0 0.9023927212051395 -0 -0 -0 -0 -0 -0 -0 -0 0 -0 -0 -0 -0 -0 -0 -0 0 -0 -0 -0 -0 -0 -0 -0 0 -0 -0 -0 -0
-0 -0 0 -0 -0 -0 -0 -0 -0 -0 0 -0 -0 -0 -0 -0 -0 -0 0 -0 -0 -0 -0 -0 -0 -0 0 -0 -0 -0 -0 -0 -0 -0 -0 1.029832016273702 -0 -0 -0 -0 -0 -0 -0 -0 0 -0 -0 -0 -0 -0 -0 -0 0 -0 -0 -0 -0 -0 -0 -0 0 -0 -0 -0
-0 -0 -0 0 -0 -0 -0 -0 -0 -0 -0 0 -0 -0 -0 -0 -0 -0 -0 0 -0 -0 -0 -0 -0 -0 -0 0 -0 -0 -0 -0 -0 -0 -0 -0 0.9882311745471419 -0 -0 -0 -0 -0 -0 -0 -0 0 -0 -0 -0 -0 -0 -0 -0 0 -0 -0 -0 -0 -0 -0 -0 0 -0 -0
-0 -0 -0 -0 0 -0 -0 -0 -0 -0 -0 -0 0 -0 -0 -0 -0 -0 -0 -0 0 -0 -0 -0 -0 -0 -0 -0 0 -0 -0 -0 -0 -0 -0 -0 -0 1.019684351631897 -0 -0 -0 -0 -0 -0 -0 -0 0 -0 -0 -0 -0 -0 -0 -0 0 -0 -0 -0 -0 -0 -0 -0 0 -0
-0 -0 -0 -0 -0 0 -0 -0 -0 -0 -0 -0 -0 0 -0 -0 -0 -0 -0 -0 -0 0 -0 -0 -0 -0 -0 -0 -0 0 -0 -0 -0 -0 -0 -0 -0 -0 1.028765889827325 -0 -0 -0 -0 -0 -0 -0 -0 0 -0 -0 -0 -0 -0 -0 -0 0 -0 -0 -0 -0 -0 -0 -0 0
-0 -0 -0 -0 -0 -0 0 -0 -0 -0 -0 -0 -0 -0 0 -0 -0 -0 -0 -0 -0 -0 0 -0 -0 -0 -0 -0 -0 -0 0 -0 -0 -0 -0 -0 -0 -0 -0 1.026505833765633 -0 -0 -0 -0 -0 -0 -0 -0 0 -0 -0 -0 -0 -0 -0 -0 0 -0 -0 -0 -0 -0 -0 -0
-0 -0 -0 -0 -0 -0 -0 0 -0 -0 -0 -0 -0 -0 -0 0 -0 -0 -0 -0 -0 -0 -0 0 -0 -0 -0 -0 -0 -0 -0 0 -0 -0 -0 -0 -0 -0 -0 -0 0.9925016010996167 -0 -0 -0 -0 -0 -0 -0 -0 0 -0 -0 -0 -0 -0 -0 -0 0 -0 -0 -0 -0 -0 -0
0 -0 -0 -0 -0 -0 -0 -0 0 -0 -0 -0 -0 -0 -0 -0 0 -0 -0 -0 -0 -0 -0 -0 0 -0 -0 -0 -0 -0 -0 -0 0 -0 -0 -0 -0 -0 -0 -0 -0 0.9469081741978762 -0 -0 -0 -0 -0 -0 -0 -0 0 -0 -0 -0 -0 -0 -0 -0 0 -0 -0 -0 -0 -0
-0 0 -0 -0 -0 -0 -0 -0 -0 0 -0 -0 -0 -0 -0 -0 -0 0 -0 -0 -0 -0 -0 -0 -0 0 -0 -0 -0 -0 -0 -0 -0 0 -0 -0 -0 -0 -0 -0 -0 -0 1.125654801346162 -0 -0 -0 -0 -0 -0 -0 -0 0 -0 -0 -0 -0 -0 -0 -0 0 -0 -0 -0 -0
-0 -0 0 -0 -0 -0 -0 -0 -0 -0 0 -0 -0 -0 -0 -0 -0 -0 0 -0 -0 -0 -0 -0 -0 -0 0 -0 -0 -0 -0 -0 -0 -0 0 -0 -0 -0 -0 -0 -0 -0 -0 0.9918300064454303 -0 -0 -0 -0 -0 -0 -0 -0 0 -0 -0 -0 -0 -0 -0 -0 0 -0 -0 -0
-0 -0 -0 0 -0 -0 -0 -0 -0 -0 -0 0 -0 -0 -0 -0 -0 -0 -0 0 -0 -0 -0 -0 -0 -0 -0 0 -0 -0 -0 -0 -0 -0 -0 0 -0 -0 -0 -0 -0 -0 -0 -0 0.9659735717019206 -0 -0 -0 -0 -0 -0 -0 -0 0 -0 -0 -0 -0 -0 -0 -0 0 -0 -0
-0 -0 -0 -0 0 -0 -0 -0 -0 -0 -0 -0 0 -0 -0 -0 -0 -0 -0 -0 0 -0 -0 -0 -0 -0 -0 -0 0 -0 -0 -0 -0 -0 -0 -0 0 -0 -0 -0 -0 -0 -0 -0 -0 1.063976077186367 -0 -0 -0 -0 -0 -0 -0 -0 0 -0 -0 -0 -0 -0 -0 -0 0 -0
-0 -0 -0 -0 -0 0 -0 -0 -0 -0 -0 -0 -0 0 -0 -0 -0 -0 -0 -0 -0 0 -0 -0 -0 -0 -0 -0 -0 0 -0 -0 -0 -0 -0 -0 -0 0 -0 -0 -0 -0 -0 -0 -0 -0 1.015948415148584 -0 -0 -0 -0 -0 -0 -0 -0 0 -0 -0 -0 -0 -0 -0 -0 0
-0 -0 -0 -0 -0 -0 0 -0 -0 -0 -0 -0 -0 -0 0 -0 -0 -0 -0 -0 -0 -0 0 -0 -0 -0 -0 -0 -0 -0 0 -0 -0 -0 -0 -0 -0 -0 0 -0 -0 -0 -0 -0 -0 -0 -0 1.008024362408722 -0 -0 -0 -0 -0 -0 -0 -0 0 -0 -0 -0 -0 -0 -0 -0
-0 -0 -0 -0 -0 -0 -0 0 -0 -0 -0 -0 -0 -0 -0 0 -0 -0 -0 -0 -0 -0 -0 0 -0 -0 -0 -0 -0 -0 -0 0 -0 -0 -0 -0 -0 -0 -0 0 -0 -0 -0 -0 -0 -0 -0 -0 1.04333147350836 -0 -0 -0 -0 -0 -0 -0 -0 0 -0 -0 -0 -0 -0 -0
0 -0 -0 -0 -0 -0 -0 -0 0 -0 -0 -0 -0 -0 -0 -0 0 -0 -0 -0 -0 -0 -0 -0 0 -0 -0 -0 -0 -0 -0 -0 0 -0 -0 -0 -0 -0 -0 -0 0 -0 -0 -0 -0 -0 -0 -0 -0 1.007007030321453 -0 -0 -0 -0 -0 -0 -0 -0 0 -0 -0 -0 -0 -0
-0 0 -0 -0 -0 -0 -0 -0 -0 0 -0 -0 -0 -0 -0 -0 -0 0 -0 -0 -0 -0 -0 -0 -0 0 -0 -0 -0 -0 -0 -0 -0 0 -0 -0 -0 -0 -0 -0 -0 0 -0 -0 -0 -0 -0 -0 -0 -0 1.066464240565486 -0 -0 -0 -0 -0 -0 -0 -0 0 -0 -0 -0 -0
-0 -0 0 -0 -0 -0 -0 -0 -0 -0 0 -0 -0 -0 -0 -0 -0 -0 0 -0 -0 -0 -0 -0 -0 -0 0 -0 -0 -0 -0 -0 -0 -0 0 -0 -0 -0 -0 -0 -0 -0 0 -0 -0 -0 -0 -0 -0 -0 -0 1.101375826182083 -0 -0 -0 -0 -0 -0 -0 -0 0 -0 -0 -0
-0 -0 -0 0 -0 -0 -0 -0 -0 -0 -0 0 -0 -0 -0 -0 -0 -0 -0 0 -0 -0 -0 -0 -0 -0 -0 0 -0 -0 -0 -0 -0 -0 -0 0 -0 -0 -0 -0 -0 -0 -0 0 -0 -0 -0 -0 -0 -0 -0 -0 0.9094839807283231 -0 -0 -0 -0 -0 -0 -0 -0 0 -0 -0
-0 -0 -0 -0 0 -0 -0 -0 -0 -0 -0 -0 0 -0 -0 -0 -0 -0 -0 -0 0 -0 -0 -0 -0 -0 -0 -0 0 -0 -0 -0 -0 -0 -0 -0 0 -0 -0 -0 -0 -0 -0 -0 0 -0 -0 -0 -0 -0 -0 -0 -0 1.026705617881355 -0 -0 -0 -0 -0 -0 -0 -0 0 -0
-0 -0 -0 -0 -0 0 -0 -0 -0 -0 -0 -0 -0 0 -0 -0 -0 -0 -0 -0 -0 0 -0 -0 -0 -0 -0 -0 -0 0 -0 -0 -0 -0 -0 -0 -0 0 -0 -0 -0 -0 -0 -0 -0 0 -0 -0 -0 -0 -0 -0 -0 -0 1.05684419248315 -0 -0 -0 -0 -0 -0 -0 -0 0
-0 -0 -0 -0 -0 -0 0 -0 -0 -0 -0 -0 -0 -0 0 -0 -0 -0 -0 -0 -0 -0 0 -0 -0 -0 -0 -0 -0 -0 0 -0 -0 -0 -0 -0 -0 -0 0 -0 -0 -0 -0 -0 -0 -0 0 -0 -0 -0 -0 -0 -0 -0 -0 1.094585088416765 -0 -0 -0 -0 -0 -0 -0 -0
-0 -0 -0 -0 -0 -0 -0 0 -0 -0 -0 -0 -0 -0 -0 0 -0 -0 -0 -0 -0 -0 -0 0 -0 -0 -0 -0 -0 -0 -0 0 -0 -0 -0 -0 -0 -0 -0 0 -0 -0 -0 -0 -0 -0 -0 0 -0 -0 -0 -0 -0 -0 -0 -0 1.050992394263197 -0 -0 -0 -0 -0 -0 -0
0 -0 -0 -0 -0 -0 -0 -0 0 -0 -0 -0 -0 -0 -0 -0 0 -0 -0 -0 -0 -0 -0 -0 0 -0 -0 -0 -0 -0 -0 -0 0 -0 -0 -0 -0 -0 -0 -0 0 -0 -0 -0 -0 -0 -0 -0 0 -0 -0 -0 -0 -0 -0 -0 -0 0.9621524357453561 -0 -0 -0 -0 -0 -0
-0 0 -0 -0 -0 -0 -0 -0 -0 0 -0 -0 -0 -0 -0 -0 -0 0 -0 -0 -0 -0 -0 -0 -0 0 -0 -0 -0 -0 -0 -0 -0 0 -0 -0 -0 -0 -0 -0 -0 0 -0 -0 -0 -0 -0 -0 -0 0 -0 -0 -0 -0 -0 -0 -0 -0 1.038594766087056 -0 -0 -0 -0 -0
-0 -0 0 -0 -0 -0 -0 -0 -0 -0 0 -0 -0 -0 -0 -0 -0 -0 0 -0 -0 -0 -0 -0 -0 -0 0 -0 -0 -0 -0 -0 -0 -0 0 -0 -0 -0 -0 -0 -0 -0 0 -0 -0 -0 -0 -0 -0 -0 0 -0 -0 -0 -0 -0 -0 -0 -0 1.003571400318863 -0 -0 -0 -0
-0 -0 -0 0 -0 -0 -0 -0 -0 -0 -0 0 -0 -0 -0 -0 -0 -0 -0 0 -0 -0 -0 -0 -0 -0 -0 0 -0 -0 -0 -0 -0 -0 -0 0 -0 -0 -0 -0 -0 -0 -0 0 -0 -0 -0 -0 -0 -0 -0 0 -0 -0 -0 -0 -0 -0 -0 -0 0.9594618877433934 -0 -0 -0
-0 -0 -0 -0 0 -0 -0 -0 -0 -0 -0 -0 0 -0 -0 -0 -0 -0 -0 -0 0 -0 -0 -0 -0 -0 -0 -0 0 -0 -0 -0 -0 -0 -0 -0 0 -0 -0 -0 -0 -0 -0 -0 0 -0 -0 -0 -0 -0 -0 -0 0 -0 -0 -0 -0 -0 -0 -0 -0 1.038144267628035 -0 -0
-0 -0 -0 -0 -0 0 -0 -0 -0 -0 -0 -0 -0 0 -0 -0 -0 -0 -0 -0 -0 0 -0 -0 -0 -0 -0 -0 -0 0 -0 -0 -0 -0 -0 -0 -0 0 -0 -0 -0 -0 -0 -0 -0 0 -0 -0 -0 -0 -0 -0 -0 0 -0 -0 -0 -0 -0 -0 -0 -0 0.9927736749520485 -0
-0 -0 -0 -0 -0 -0 0 -0 -0 -0 -0 -0 -0 -0 0 -0 -0 -0 -0 -0 -0 -0 0 -0 -0 -0 -0 -0 -0 -0 0 -0 -0 -0 -0 -0 -0 -0 0 -0 -0 -0 -0 -0 -0 -0 0 -0 -0 -0 -0 -0 -0 -0 0 -0 -0 -0 -0 -0 -0 -0 -0 0.9004061101526485
